[[1.33338, -2.81311, 4.0, 0.03757],
[1.18314, -2.81043, 4.0, 0.03757],
[1.0329, -2.80733, 4.0, 0.03757],
[0.88267, -2.80379, 4.0, 0.03757],
[0.73245, -2.79982, 4.0, 0.03757],
[0.58224, -2.79543, 4.0, 0.03757],
[0.43205, -2.79062, 4.0, 0.03757],
[0.28187, -2.78538, 4.0, 0.03757],
[0.13171, -2.77972, 4.0, 0.03757],
[-0.01844, -2.77363, 4.0, 0.03757],
[-0.16857, -2.76713, 4.0, 0.03757],
[-0.31868, -2.76021, 4.0, 0.03757],
[-0.46877, -2.75287, 4.0, 0.03757],
[-0.61884, -2.74512, 4.0, 0.03757],
[-0.76889, -2.73695, 4.0, 0.03757],
[-0.91892, -2.72837, 4.0, 0.03757],
[-1.06892, -2.71937, 4.0, 0.03757],
[-1.21889, -2.70997, 4.0, 0.03757],
[-1.36884, -2.70017, 4.0, 0.03757],
[-1.51877, -2.68997, 4.0, 0.03757],
[-1.66866, -2.67938, 4.0, 0.03757],
[-1.81853, -2.66841, 4.0, 0.03757],
[-1.96837, -2.65704, 4.0, 0.03757],
[-2.11818, -2.64527, 4.0, 0.03757],
[-2.26796, -2.63309, 4.0, 0.03757],
[-2.4177, -2.62049, 4.0, 0.03757],
[-2.56741, -2.60747, 4.0, 0.03757],
[-2.71707, -2.59402, 4.0, 0.03757],
[-2.8667, -2.58012, 4.0, 0.03757],
[-3.01629, -2.56579, 4.0, 0.03757],
[-3.16583, -2.551, 4.0, 0.03757],
[-3.31532, -2.53574, 4.0, 0.03757],
[-3.46477, -2.52001, 4.0, 0.03757],
[-3.61416, -2.5038, 4.0, 0.03757],
[-3.7635, -2.48711, 4.0, 0.03757],
[-3.91279, -2.46994, 4.0, 0.03757],
[-4.06201, -2.45226, 4.0, 0.03757],
[-4.21118, -2.43408, 4.0, 0.03757],
[-4.36028, -2.41534, 4.0, 0.03757],
[-4.5093, -2.396, 4.0, 0.03757],
[-4.65823, -2.37602, 4.0, 0.03757],
[-4.80708, -2.35538, 4.0, 0.03757],
[-4.95583, -2.33407, 4.0, 0.03757],
[-5.10448, -2.31206, 4.0, 0.03757],
[-5.25302, -2.28932, 4.0, 0.03757],
[-5.40144, -2.26583, 4.0, 0.03757],
[-5.54974, -2.24155, 4.0, 0.03757],
[-5.69789, -2.21642, 4.0, 0.03757],
[-5.84589, -2.19038, 4.0, 0.03757],
[-5.9937, -2.16333, 4.0, 0.03757],
[-6.14131, -2.13518, 4.0, 0.03757],
[-6.28868, -2.10582, 4.0, 0.03757],
[-6.43579, -2.07514, 3.93373, 0.0382],
[-6.58258, -2.04303, 3.22447, 0.0466],
[-6.729, -2.00922, 2.77397, 0.05417],
[-6.87491, -1.97332, 2.54551, 0.05903],
[-7.02015, -1.93489, 2.4229, 0.06201],
[-7.16452, -1.89347, 2.35031, 0.06391],
[-7.30777, -1.84845, 2.27033, 0.06614],
[-7.44712, -1.79892, 2.17352, 0.06804],
[-7.56852, -1.74926, 2.0771, 0.06315],
[-7.66928, -1.70225, 1.77051, 0.0628],
[-7.76606, -1.65124, 1.52469, 0.07175],
[-7.86806, -1.59032, 1.40169, 0.08476],
[-7.97876, -1.51431, 1.36627, 0.09828],
[-8.09262, -1.42253, 1.36627, 0.10704],
[-8.20028, -1.31878, 1.36627, 0.10944],
[-8.29452, -1.20239, 1.36627, 0.10961],
[-8.36774, -1.07292, 1.36627, 0.10887],
[-8.41401, -0.93336, 1.36627, 0.10762],
[-8.43107, -0.78866, 1.37799, 0.10573],
[-8.41932, -0.64361, 1.41692, 0.10271],
[-8.38042, -0.50241, 1.45996, 0.10032],
[-8.31638, -0.36892, 1.49644, 0.09894],
[-8.22955, -0.24708, 1.49714, 0.09994],
[-8.12307, -0.14147, 1.49714, 0.10017],
[-8.0006, -0.05611, 1.51791, 0.09834],
[-7.86634, 0.00738, 1.58109, 0.09393],
[-7.72422, 0.04954, 1.69945, 0.08723],
[-7.57746, 0.07257, 1.87953, 0.07904],
[-7.42848, 0.07956, 2.15167, 0.06931],
[-7.27887, 0.0741, 2.39472, 0.06252],
[-7.12944, 0.05982, 2.22529, 0.06746],
[-6.98047, 0.04009, 2.11979, 0.07089],
[-6.83125, 0.02257, 2.0576, 0.07302],
[-6.68157, 0.01042, 2.02685, 0.07409],
[-6.53161, 0.00637, 2.02685, 0.07401],
[-6.38187, 0.01244, 2.02685, 0.07394],
[-6.23316, 0.03016, 2.02685, 0.07389],
[-6.08655, 0.06059, 2.02685, 0.07387],
[-5.9433, 0.10427, 2.02685, 0.07389],
[-5.80473, 0.16125, 2.04156, 0.07339],
[-5.67201, 0.23084, 2.09499, 0.07153],
[-5.54596, 0.31183, 2.20687, 0.06789],
[-5.42672, 0.40258, 2.3759, 0.06307],
[-5.31389, 0.50134, 2.61999, 0.05723],
[-5.20673, 0.6064, 2.98075, 0.05035],
[-5.10417, 0.71611, 3.52365, 0.04262],
[-5.00502, 0.82899, 3.41122, 0.04404],
[-4.90811, 0.94384, 3.31342, 0.04535],
[-4.81374, 1.06074, 3.24395, 0.04632],
[-4.72248, 1.18005, 3.24395, 0.0463],
[-4.63473, 1.30196, 3.24395, 0.0463],
[-4.55083, 1.42656, 3.24395, 0.0463],
[-4.47113, 1.55388, 3.24395, 0.04631],
[-4.39596, 1.68394, 3.24395, 0.04631],
[-4.32564, 1.81669, 3.25022, 0.04622],
[-4.26024, 1.95193, 3.34882, 0.04486],
[-4.19955, 2.08933, 3.57322, 0.04204],
[-4.14307, 2.22851, 3.24814, 0.04624],
[-4.09009, 2.36907, 2.15193, 0.0698],
[-4.03988, 2.51066, 1.78648, 0.0841],
[-3.99171, 2.65298, 1.62983, 0.09219],
[-3.94494, 2.79579, 1.56294, 0.09614],
[-3.89603, 2.93787, 1.55802, 0.09645],
[-3.84195, 3.07801, 1.55802, 0.09641],
[-3.77656, 3.21272, 1.55802, 0.09611],
[-3.69597, 3.33773, 1.55802, 0.09547],
[-3.59894, 3.44908, 1.55802, 0.09479],
[-3.48624, 3.54363, 1.55802, 0.09442],
[-3.36005, 3.61953, 1.59754, 0.09218],
[-3.22332, 3.67606, 1.66438, 0.0889],
[-3.07926, 3.7134, 1.74581, 0.08525],
[-2.93095, 3.73238, 1.84884, 0.08087],
[-2.78101, 3.7345, 1.96354, 0.07637],
[-2.63138, 3.72154, 2.08341, 0.07209],
[-2.48346, 3.69527, 2.16353, 0.06944],
[-2.33805, 3.65747, 2.04599, 0.07343],
[-2.19576, 3.60924, 1.96029, 0.07664],
[-2.05709, 3.55141, 1.90951, 0.07868],
[-1.92296, 3.48373, 1.90646, 0.07881],
[-1.79442, 3.40596, 1.90646, 0.07881],
[-1.67277, 3.31782, 1.90646, 0.0788],
[-1.55985, 3.21886, 1.90646, 0.07876],
[-1.45759, 3.10917, 1.90646, 0.07866],
[-1.36766, 2.98943, 1.90646, 0.07855],
[-1.29102, 2.86097, 1.95316, 0.07659],
[-1.22778, 2.72546, 2.06105, 0.07255],
[-1.17708, 2.58469, 2.24044, 0.06678],
[-1.1373, 2.44026, 2.52017, 0.05944],
[-1.10635, 2.29349, 2.15116, 0.06973],
[-1.08194, 2.14535, 1.88606, 0.07961],
[-1.06177, 1.99648, 1.75934, 0.08539],
[-1.04366, 1.8473, 1.69579, 0.08861],
[-1.02194, 1.69863, 1.69129, 0.08884],
[-0.99242, 1.5514, 1.69129, 0.08878],
[-0.95077, 1.40742, 1.69129, 0.08862],
[-0.89393, 1.26925, 1.69129, 0.08834],
[-0.82065, 1.13966, 1.69129, 0.08802],
[-0.73093, 1.02121, 1.69129, 0.08786],
[-0.6261, 0.91577, 1.7105, 0.08692],
[-0.50808, 0.82475, 1.75305, 0.08502],
[-0.37921, 0.74899, 1.80374, 0.08288],
[-0.24191, 0.68888, 1.77466, 0.08446],
[-0.09852, 0.64445, 1.68085, 0.08931],
[0.04887, 0.61555, 1.64556, 0.09128],
[0.19845, 0.60177, 1.64556, 0.09128],
[0.34865, 0.60311, 1.64556, 0.09128],
[0.49783, 0.6203, 1.64556, 0.09125],
[0.64356, 0.65563, 1.64556, 0.09113],
[0.78264, 0.71032, 1.64556, 0.09082],
[0.91205, 0.7839, 1.66803, 0.08924],
[1.02988, 0.87441, 1.74236, 0.08528],
[1.13544, 0.97915, 1.86594, 0.07969],
[1.22906, 1.09519, 2.05991, 0.07238],
[1.31202, 1.21963, 2.35698, 0.06346],
[1.38632, 1.34989, 2.84711, 0.05267],
[1.45442, 1.48374, 3.53958, 0.04243],
[1.51892, 1.61945, 3.3107, 0.04539],
[1.58241, 1.75565, 3.17665, 0.0473],
[1.64727, 1.89119, 3.10387, 0.04841],
[1.71456, 2.02553, 3.06181, 0.04907],
[1.78519, 2.15811, 3.04646, 0.04931],
[1.85988, 2.28842, 3.04555, 0.04932],
[1.93912, 2.41601, 3.04555, 0.04932],
[2.02321, 2.54045, 3.04555, 0.04931],
[2.11223, 2.66141, 3.04555, 0.04931],
[2.20618, 2.77859, 3.04555, 0.04932],
[2.30496, 2.89176, 3.04555, 0.04932],
[2.4084, 3.00072, 3.0514, 0.04924],
[2.51628, 3.10528, 3.0841, 0.04871],
[2.62834, 3.20535, 3.11449, 0.04824],
[2.74431, 3.30087, 3.14628, 0.04775],
[2.86394, 3.39178, 3.16419, 0.04749],
[2.98701, 3.47799, 3.18654, 0.04715],
[3.11328, 3.55944, 3.21685, 0.04671],
[3.24251, 3.6361, 3.25687, 0.04613],
[3.37444, 3.70798, 3.34725, 0.04489],
[3.50878, 3.77524, 3.48221, 0.04314],
[3.6452, 3.83818, 3.7021, 0.04058],
[3.78334, 3.89723, 4.0, 0.03756],
[3.92285, 3.95301, 4.0, 0.03756],
[4.06338, 4.00617, 3.49259, 0.04302],
[4.20464, 4.05741, 2.83067, 0.05308],
[4.34635, 4.1074, 2.35789, 0.06373],
[4.48826, 4.15681, 2.03741, 0.07376],
[4.63069, 4.20471, 1.75101, 0.08581],
[4.77404, 4.24973, 1.56068, 0.09627],
[4.91875, 4.29017, 1.48494, 0.10119],
[5.06522, 4.32355, 1.48269, 0.10132],
[5.21355, 4.34663, 1.48269, 0.10124],
[5.36325, 4.35577, 1.48269, 0.10115],
[5.51274, 4.34601, 1.48269, 0.10104],
[5.65827, 4.31287, 1.48269, 0.10067],
[5.7949, 4.2554, 1.48269, 0.09997],
[5.91875, 4.17569, 1.55181, 0.09491],
[6.02838, 4.07762, 1.69149, 0.08696],
[6.12441, 3.96543, 1.56924, 0.09411],
[6.2088, 3.84306, 1.52437, 0.09752],
[6.28445, 3.71402, 1.52437, 0.09812],
[6.3657, 3.58867, 1.52437, 0.09799],
[6.45769, 3.47218, 1.52437, 0.09737],
[6.5634, 3.36922, 1.52437, 0.09681],
[6.68335, 3.28401, 1.52437, 0.09652],
[6.81556, 3.21949, 1.53078, 0.0961],
[6.95669, 3.17711, 1.58106, 0.0932],
[7.10307, 3.15661, 1.70735, 0.08657],
[7.25152, 3.15543, 1.59898, 0.09284],
[7.39999, 3.1695, 1.45243, 0.10268],
[7.54767, 3.19406, 1.4107, 0.10612],
[7.69453, 3.22488, 1.4107, 0.10638],
[7.84179, 3.25285, 1.4107, 0.10625],
[7.98979, 3.26659, 1.4107, 0.10537],
[8.13625, 3.25829, 1.4107, 0.10398],
[8.2773, 3.22447, 1.4107, 0.10282],
[8.40906, 3.16509, 1.42329, 0.10154],
[8.52825, 3.08209, 1.46628, 0.09906],
[8.63222, 2.97846, 1.41511, 0.10374],
[8.71882, 2.85786, 1.32235, 0.11228],
[8.78675, 2.72455, 1.3, 0.11509],
[8.83563, 2.58265, 1.3, 0.11545],
[8.86574, 2.43559, 1.3, 0.11547],
[8.87376, 2.28605, 1.3, 0.11519],
[8.85323, 2.13912, 1.3, 0.11412],
[8.80222, 2.00218, 1.3, 0.11241],
[8.72307, 1.88113, 1.32696, 0.10899],
[8.62023, 1.77952, 1.39958, 0.1033],
[8.49896, 1.69871, 1.51217, 0.09637],
[8.36448, 1.63831, 1.67509, 0.08801],
[8.22157, 1.59632, 1.90297, 0.07827],
[8.07411, 1.5696, 2.21514, 0.06765],
[7.92466, 1.55457, 2.73907, 0.05484],
[7.77459, 1.54727, 3.69964, 0.04061],
[7.62435, 1.54422, 4.0, 0.03757],
[7.47409, 1.54425, 4.0, 0.03757],
[7.32383, 1.54617, 4.0, 0.03757],
[7.17358, 1.54883, 3.55343, 0.04229],
[7.02334, 1.55171, 3.17874, 0.04727],
[6.87309, 1.55409, 2.7035, 0.05558],
[6.72282, 1.55518, 2.34352, 0.06412],
[6.57257, 1.55387, 1.99928, 0.07516],
[6.42238, 1.54907, 1.75249, 0.08574],
[6.27242, 1.53966, 1.6173, 0.09291],
[6.12292, 1.52449, 1.5517, 0.09684],
[5.97447, 1.50143, 1.53461, 0.0979],
[5.82804, 1.46795, 1.53461, 0.09788],
[5.68563, 1.42048, 1.53461, 0.09782],
[5.55073, 1.35568, 1.53461, 0.09752],
[5.42743, 1.27218, 1.53461, 0.09703],
[5.31942, 1.17061, 1.53461, 0.09662],
[5.22943, 1.05311, 1.55276, 0.09532],
[5.15905, 0.9227, 1.60385, 0.09239],
[5.10864, 0.78277, 1.66792, 0.08917],
[5.07789, 0.63661, 1.63962, 0.0911],
[5.06595, 0.48726, 1.47456, 0.10161],
[5.07155, 0.33723, 1.39452, 0.10766],
[5.09331, 0.18861, 1.37597, 0.10916],
[5.13066, 0.04313, 1.37597, 0.10916],
[5.18407, -0.09725, 1.37597, 0.10915],
[5.25691, -0.22816, 1.37597, 0.10888],
[5.35094, -0.34325, 1.37597, 0.108],
[5.46443, -0.43676, 1.37597, 0.10687],
[5.59338, -0.50539, 1.41145, 0.10349],
[5.73297, -0.54849, 1.48392, 0.09845],
[5.87873, -0.56719, 1.60793, 0.09139],
[6.02686, -0.56424, 1.78971, 0.08279],
[6.17468, -0.54345, 2.04182, 0.07311],
[6.3206, -0.5089, 2.43448, 0.0616],
[6.46419, -0.46483, 3.06396, 0.04902],
[6.6059, -0.41484, 3.1491, 0.04772],
[6.74669, -0.36231, 2.61849, 0.05739],
[6.88717, -0.30897, 2.19979, 0.06831],
[7.02808, -0.25678, 1.84619, 0.08139],
[7.16956, -0.20615, 1.66419, 0.09029],
[7.3121, -0.1586, 1.58218, 0.09497],
[7.45637, -0.11667, 1.55837, 0.09641],
[7.60278, -0.08295, 1.55837, 0.09641],
[7.75137, -0.06108, 1.55837, 0.09637],
[7.9012, -0.05621, 1.55837, 0.0962],
[8.04964, -0.07217, 1.55837, 0.09581],
[8.19316, -0.11046, 1.55837, 0.09532],
[8.32846, -0.17065, 1.56675, 0.09452],
[8.45281, -0.25113, 1.6038, 0.09236],
[8.56422, -0.34952, 1.51365, 0.0982],
[8.66107, -0.4632, 1.4586, 0.10239],
[8.74218, -0.58927, 1.45703, 0.10289],
[8.80672, -0.72485, 1.45703, 0.10306],
[8.85436, -0.86726, 1.45703, 0.10306],
[8.88064, -1.01465, 1.45703, 0.10276],
[8.88188, -1.16292, 1.45703, 0.10176],
[8.85686, -1.30779, 1.45703, 0.1009],
[8.80663, -1.44553, 1.49888, 0.09782],
[8.73374, -1.57324, 1.57992, 0.09307],
[8.64171, -1.68911, 1.70154, 0.08696],
[8.53446, -1.79249, 1.85207, 0.08043],
[8.41573, -1.88362, 2.0444, 0.07322],
[8.28872, -1.96362, 2.3036, 0.06516],
[8.15608, -2.03419, 2.67026, 0.05626],
[8.01979, -2.09746, 2.97457, 0.05051],
[7.88086, -2.15469, 3.29207, 0.04564],
[7.73996, -2.20692, 3.59994, 0.04174],
[7.59756, -2.25491, 3.78681, 0.03968],
[7.45392, -2.29903, 3.9937, 0.03763],
[7.30925, -2.33964, 4.0, 0.03757],
[7.16373, -2.37712, 4.0, 0.03757],
[7.01752, -2.41181, 4.0, 0.03757],
[6.87075, -2.44403, 4.0, 0.03757],
[6.72352, -2.47407, 4.0, 0.03757],
[6.5759, -2.50215, 4.0, 0.03757],
[6.42795, -2.52846, 4.0, 0.03757],
[6.27971, -2.55309, 4.0, 0.03757],
[6.13121, -2.57613, 4.0, 0.03757],
[5.98249, -2.59762, 4.0, 0.03757],
[5.83356, -2.61765, 4.0, 0.03757],
[5.68445, -2.63629, 4.0, 0.03757],
[5.53518, -2.65361, 4.0, 0.03757],
[5.38578, -2.66973, 4.0, 0.03757],
[5.23626, -2.68474, 4.0, 0.03757],
[5.08664, -2.69873, 4.0, 0.03757],
[4.93694, -2.7118, 4.0, 0.03757],
[4.78717, -2.72401, 4.0, 0.03757],
[4.63733, -2.73537, 4.0, 0.03757],
[4.48742, -2.74586, 4.0, 0.03757],
[4.33746, -2.75549, 4.0, 0.03757],
[4.18745, -2.76429, 4.0, 0.03757],
[4.0374, -2.77232, 4.0, 0.03757],
[3.88731, -2.77964, 4.0, 0.03757],
[3.73719, -2.78632, 4.0, 0.03757],
[3.58704, -2.79241, 4.0, 0.03757],
[3.43687, -2.79795, 4.0, 0.03757],
[3.28668, -2.80291, 4.0, 0.03757],
[3.13648, -2.80724, 4.0, 0.03757],
[2.98625, -2.81092, 4.0, 0.03757],
[2.83601, -2.81396, 4.0, 0.03757],
[2.68576, -2.81636, 4.0, 0.03757],
[2.5355, -2.81813, 4.0, 0.03757],
[2.38524, -2.8193, 4.0, 0.03757],
[2.23497, -2.8199, 4.0, 0.03757],
[2.0847, -2.81995, 4.0, 0.03757],
[1.93443, -2.8195, 4.0, 0.03757],
[1.78416, -2.81856, 4.0, 0.03757],
[1.6339, -2.81718, 4.0, 0.03757],
[1.48364, -2.81536, 4.0, 0.03757]]